<<<<<<< HEAD
addition easy
2+3= 5 7 4
5+1= 6 8 7
1+2= 3 2 5
4+5= 9 5 7
3+5= 8 4 9
2+7= 9 6 8
1+9= 10 8 7
3+6= 9 5 4
6+2= 8 5 9
1+8= 9 6 8
3+7= 10 6 9
7+1= 8 5 9
3+4= 7 5 1
5+2= 7 5 8
7+1= 8 6 3
6+2= 8 4 9
4+6= 10 5 7
4+1= 5 3 9
5+5= 10 8 9
1+9= 10 8 5
addition moderate
5+7= 12 9 14
10+5= 15 18 11
9+2= 11 16 20
15+3= 18 16 19
1+19= 20 15 11
16+6= 22 19 25
10+17= 27 15 29
20+4= 24 22 17
18+12= 30 29 20
10+20= 30 35 19
5+31= 36 29 32
25+10= 35 27 30
28+12= 40 42 38
33+5= 38 40 45
20+27= 47 44 37
39+5= 44 48 18
35+15= 50 45 38
13+32= 45 38 27
10+40= 50 49 44
27+17= 44 34 50
addition advanced
7+48= 55 49 57
50+10= 60 38 11
23+29= 52 33 55
35+16= 51 41 48
23+37= 60 44 52
56+6= 62 58 17
34+20= 54 64 66
48+20= 68 66 70
29+29= 58 62 48
9+61= 70 69 66
14+55= 69 56 70
37+35= 72 68 55
66+11= 77 67 71
47+31= 78 49 68
49+51= 100 90 81
16+64= 80 70 69
8+77= 85 75 87
39+51= 90 81 77
77+22= 99 89 91
83+17= 100 88 97
subtraction easy
3-3= 0 1 3
5-1= 4 2 0
6-4= 2 4 1
9-6= 1 5 4
7-1= 6 3 7
5-4= 1 4 6
7-5= 2 4 0
2-1= 1 4 2
6-6= 0 4 6
8-7= 1 5 2
3-2= 1 4 5
5-3= 2 5 1
9-0= 9 0 5
7-4= 3 6 1
4-2= 2 4 0
8-5= 3 2 4
9-5= 4 3 0
1-1= 1 0 5
7-3= 4 2 1
8-4= 4 6 3
subtraction moderate
10-2= 8 3 1
17-6= 11 9 5
12-6= 6 4 10
18-9= 9 5 10
20-17= 3 5 4
22-8= 14 12 8
26-7= 19 22 11
27-0= 27 17 12
22-11= 11 18 9
29-9= 20 9 11
30-10= 20 10 0
29-20= 9 10 11
32-7= 25 22 17
39-11= 28 22 18
40-16= 24 34 28
47-22= 25 22 19
41-40= 1 0 40
49-39= 10 20 21
50-33= 17 23 11
46-19= 27 40 31
subtraction advanced
50-0= 50 0 49
55-15= 40 45 38
52-14= 38 42 48
59-27= 32 43 37
61-28= 33 23 37
60-49= 11 20 28
66-55= 11 22 33
59-53= 6 16 56
65-37= 28 44 25
68-7= 61 53 17
77-29= 48 44 57
72-60= 12 2 22
75-44= 31 30 29
71-17= 54 42 47
79-0= 79 60 0
88-33= 55 35 48
81-69= 12 26 22
84-44= 40 54 44
86-17= 69 43 73
81-9= 72 69 66
95-25= 70 65 79
90-39= 51 60 68
99-1= 98 100 87
=======
Addition
Easy
2+3=
5
7
4
5+1=
6
8
7
1+2=
3
2
5
4+5=
9
5
7
3+5=
8
4
9
2+7=
9
6
8
1+9=
10
8
7
3+6=
9
5
4
6+2=
8
5
9
1+8=
9
6
8
3+7=
10
6
9
7+1=
8
5
9
3+4=
7
5
1
5+2=
7
5
8
7+1=
8
6
3
6+2=
8
4
9
4+6=
10
5
7
4+1=
5
3
9
5+5=
10
8
9
1+9=
10
8
5
Moderate
5+7=
12
9
14
10+5=
15
18
11
9+2=
11
16
20
15+3=
18
16
19
1+19=
20
15
11
16+6
22
19
25
10+17=
27
15
29
20+4=
24
22
17
18+12=
30
29
20
10+20=
30
35
19
5+31=
36
29
32
25+10=
35
27
30
28+12=
40
42
38
33+5=
38
40
45
20+27=
47
44
37
39+5=
44
48
18
35+15=
50
45
38
13+32=
45
38
27
10+40=
50
49
44
27+17=
44
34
50
Hard
7+48=
55
49
57
50+10=
60
38
11
23+29=
52
33
55
35+16=
51
41
48
23+37=
60
44
52
56+6=
62
58
17
34+20=
54
64
66
48+20=
68
66
70
29+29=
58
62
48
9+61=
70
69
66
14+55=
69
56
70
37+35=
72
68
55
66+11=
77
67
71
47+31=
78
49
68
49+51=
100
90
81
16+64=
80
70
69
8+77=
85
75
87
39+51=
90
81
77
77+22=
99
89
91
83+17=
100
88
97
Subtraction
Easy
3-3=
0
1
3
5-1=
4
2
0
6-4=
2
4
1
9-6
3
5
4
7-1=
6
3
7
5-4=
1
4
6
7-5=
2
4
0
2-1=
1
4
2
6-6=
0
4
6
8-7
1
5
2
3-2=
1
4
5
5-3=
2
5
1
9-0=
9
0
5
7-4=
3
6
1
4-2=
2
4
0
8-5=
3
2
4
9-5=
4
3
0
1-1
1
0
5
7-3=
4
2
1
8-4=
4
6
3
Moderate
10-2
8
3
1
17-6=
11
9
5
12-6=
6
4
10
18-9=
9
5
10
20-17=
3
5
4
22-8=
14
12
8
26-7=
19
22
11
27-0=
27
17
12
22-11=
11
18
9
29-9=
20
9
11
30-10=
20
10
0
29-20=
9
10
11
32-7=
25
22
17
39-11=
28
22
18
40-16=
24
34
28
47-22=
25
22
19
41-40=
1
0
40
49-39=
10
20
21
50-33=
17
23
11
46-19=
27
40
31
Hard
50-0=
50
0
49
55-15=
40
45
38
52-14=
38
42
48
59-27=
32
43
37
61-28=
33
23
37
60-49=
11
20
28
66-55=
11
22
33
59-53=
6
16
56
65-37=
28
44
25
68-7=
61
53
17
77-29=
48
44
57
72-60=
12
2
22
75-44=
31
30
29
71-17=
54
42
47
79-0=
79
60
0
88-33=
55
35
48
81-69=
12
26
22
84-44=
40
54
44
86-17=
69
43
73
81-9=
72
69
66
95-25=
70
65
79
90-39=
51
60
68
99-1=
98
100
87
Easy
3-3=
0
1
3
5-1=
4
2
0
6-4=
2
4
1
9-6
3
5
4
7-1=
6
3
7
5-4=
1
4
6
7-5=
2
4
0
2-1=
1
4
2
6-6=
0
4
6
8-7
1
5
2
3-2=
1
4
5
5-3=
2
5
1
9-0=
9
0
5
7-4=
3
6
1
4-2=
2
4
0
8-5=
3
2
4
9-5=
4
3
0
1-1
1
0
5
7-3=
4
2
1
8-4=
4
6
3
Moderate
10-2
8
3
1
17-6=
11
9
5
12-6=
6
4
10
18-9=
9
5
10
20-17=
3
5
4
22-8=
14
12
8
26-7=
19
22
11
27-0=
27
17
12
22-11=
11
18
9
29-9=
20
9
11
30-10=
20
10
0
29-20=
9
10
11
32-7=
25
22
17
39-11=
28
22
18
40-16=
24
34
28
47-22=
25
22
19
41-40=
1
0
40
49-39=
10
20
21
50-33=
17
23
11
46-19=
27
40
31
Hard
50-0=
50
0
49
55-15=
40
45
38
52-14=
38
42
48
59-27=
32
43
37
61-28=
33
23
37
60-49=
11
20
28
66-55=
11
22
33
59-53=
6
16
56
65-37=
28
44
25
68-7=
61
53
17
77-29=
48
44
57
72-60=
12
2
22
75-44=
31
30
29
71-17=
54
42
47
79-0=
79
60
0
88-33=
55
35
48
81-69=
12
26
22
84-44=
40
54
44
86-17=
69
43
73
81-9=
72
69
66
95-25=
70
65
79
90-39=
51
60
68
99-1=
98
100
87
>>>>>>> 74802d1e6d5be57940abc412e83e25acd51ef8d5
